1.578809380531311035e+00 2.320855379104614258e+00 2.193373888731002808e-01 -9.937686324119567871e-01 4.382874965667724609e-01 -8.022700548171997070e-01 -5.907984375953674316e-01 -5.658844113349914551e-01 -1.583152532577514648e+00 5.276377201080322266e-01 1.065245270729064941e-01
3.399503231048583984e-01 -7.624769210815429688e-02 6.054042577743530273e-01 1.431287974119186401e-01 5.313829183578491211e-01 9.210330247879028320e-02 -7.733893990516662598e-01 6.808702349662780762e-01 1.318350434303283691e+00 -7.803090214729309082e-01 1.931459784507751465e+00
4.925835728645324707e-01 6.055608391761779785e-01 6.285615563392639160e-01 4.383646547794342041e-01 -6.889606714248657227e-01 1.427258253097534180e-01 -1.419126540422439575e-01 2.664547786116600037e-02 -2.278877943754196167e-01 -4.431174397468566895e-01 1.545992374420166016e+00
7.830608487129211426e-01 9.895604848861694336e-01 -5.925382375717163086e-01 -3.261857926845550537e-01 2.039477825164794922e+00 -6.856505870819091797e-01 -4.447232782840728760e-01 -1.389420479536056519e-01 -5.930673480033874512e-01 3.359577953815460205e-01 8.491173982620239258e-01
6.021143794059753418e-01 1.890397071838378906e-01 -2.103699892759323120e-01 1.101772189140319824e+00 5.284896120429039001e-02 1.145055055618286133e+00 -4.249050021171569824e-01 2.935178279876708984e-01 -1.000784516334533691e+00 -6.252627819776535034e-02 -5.848515033721923828e-01
2.069320380687713623e-01 4.675207734107971191e-01 -6.005994975566864014e-02 -5.506736040115356445e-01 -1.289453059434890747e-01 5.297521874308586121e-02 9.384957551956176758e-01 9.277706742286682129e-01 1.041334986686706543e+00 6.145928502082824707e-01 2.106183441355824471e-03
1.715800881385803223e+00 2.270994186401367188e+00 -1.776701927185058594e+00 1.299985498189926147e-01 1.945626378059387207e+00 9.563920497894287109e-01 -1.737340569496154785e+00 -1.590572357177734375e+00 -1.176970675587654114e-01 -1.877780914306640625e+00 -9.814147651195526123e-02
-8.031327277421951294e-02 8.070840686559677124e-02 1.573087126016616821e-01 -1.043770238757133484e-01 1.470750927925109863e+00 -7.072772979736328125e-01 1.035964712500572205e-01 4.291186928749084473e-01 -8.204382061958312988e-01 7.960468530654907227e-01 2.960671186447143555e-01
-1.247156500816345215e+00 -9.097317457199096680e-01 1.492730736732482910e+00 -8.228974044322967529e-02 7.962399125099182129e-01 -1.420863389968872070e+00 1.365315467119216919e-01 1.307781040668487549e-02 3.035243749618530273e-01 8.894596099853515625e-01 5.599661469459533691e-01
1.216456651687622070e+00 -2.862180769443511963e-01 9.141837954521179199e-01 -8.249142169952392578e-01 -1.206185221672058105e+00 1.109932661056518555e+00 1.469604134559631348e+00 3.974958062171936035e-01 -1.494149714708328247e-01 1.621598362922668457e+00 -2.534582912921905518e-01
-4.749793112277984619e-01 -4.649201333522796631e-01 2.836635708808898926e-01 2.248945951461791992e+00 -2.531989663839340210e-02 -2.111322879791259766e-01 -4.954037368297576904e-01 -1.466687917709350586e-01 -1.702608466148376465e+00 -1.030404567718505859e+00 1.662301182746887207e+00
1.586377501487731934e+00 1.381215333938598633e+00 -1.070293426513671875e+00 1.891345381736755371e+00 -5.718329548835754395e-01 1.190101861953735352e+00 -1.192569732666015625e+00 1.191763952374458313e-01 6.347475647926330566e-01 -1.595387458801269531e+00 4.341819584369659424e-01
-1.872636914253234863e+00 -1.881465911865234375e+00 2.170064926147460938e+00 3.567591011524200439e-01 -1.598523139953613281e+00 -1.503716588020324707e+00 3.248697519302368164e-01 2.605648934841156006e-01 -7.243992090225219727e-01 1.117456197738647461e+00 3.465330600738525391e-01
-8.010256290435791016e-01 -3.296272754669189453e-01 9.588911533355712891e-01 6.705691814422607422e-01 5.676548480987548828e-01 -8.001869320869445801e-01 -1.049965396523475647e-01 5.219064950942993164e-01 1.862989068031311035e-01 5.543141365051269531e-01 1.503337502479553223e+00
-2.363220691680908203e+00 -2.412761926651000977e+00 1.362837553024291992e+00 -2.333259344100952148e+00 -2.354227066040039062e+00 -1.443726062774658203e+00 1.895697236061096191e+00 -4.919635951519012451e-01 -1.339203357696533203e+00 5.093578338623046875e+00 -1.425218582153320312e+00
1.006106615066528320e+00 -2.166152298450469971e-01 -1.336130350828170776e-01 6.627061963081359863e-01 -3.998261094093322754e-01 2.361354231834411621e-01 1.456888914108276367e-01 1.855043649673461914e+00 4.613824486732482910e-01 4.716506600379943848e-01 9.872943758964538574e-01
-6.309101581573486328e-01 -1.109382748603820801e+00 -2.012771368026733398e-01 -2.764420807361602783e-01 7.732712626457214355e-01 -4.522370994091033936e-01 6.832808852195739746e-01 1.371188402175903320e+00 -5.499444007873535156e-01 1.529032826423645020e+00 8.171645998954772949e-01
-2.320350170135498047e+00 -2.196950435638427734e+00 2.481289625167846680e+00 -1.272755026817321777e+00 -1.517506361007690430e+00 -2.125812053680419922e+00 1.197368383407592773e+00 1.717104911804199219e+00 -1.437132716178894043e+00 2.768819093704223633e+00 -2.352775335311889648e-01
4.388527870178222656e-01 -4.867521524429321289e-01 -4.476804733276367188e-01 -8.151842653751373291e-02 -7.158009409904479980e-01 4.031441211700439453e-01 9.598747491836547852e-01 6.692124009132385254e-01 -4.989393949508666992e-01 1.646558284759521484e+00 1.407635688781738281e+00
-1.418767929077148438e+00 -1.537943601608276367e+00 1.982104539871215820e+00 -7.950664162635803223e-01 -9.701570868492126465e-01 -1.296722650527954102e+00 1.764011740684509277e+00 1.901285052299499512e+00 -1.300216555595397949e+00 2.219128847122192383e+00 -5.690560489892959595e-02
